2023.09.01 13745 14160 14160 13725 9417
2023.08.31 14080 14115 14115 13975 1095
2023.08.30 13920 14030 14030 13885 2329
2023.08.29 13800 13770 13895 13770 3688
2023.08.28 13765 13730 13855 13730 1812
2023.08.25 13790 13825 13875 13790 1598
2023.08.24 13900 13975 13980 13875 5913
2023.08.23 13895 13810 13960 13810 7066
2023.08.23 13895 13810 13960 13810 7065
2023.08.22 13810 13920 13920 13765 4834
2023.08.21 14015 13870 14020 13870 6474
2023.08.18 13870 14010 14010 13820 14315
2023.08.17 14040 14040 14150 14010 3974
2023.08.16 14055 14225 14225 14010 13352
2023.08.14 14220 14240 14275 14180 3433
2023.08.11 14155 14175 14200 14130 2092
2023.08.10 14090 14090 14125 14060 1622
2023.08.09 14025 13920 14045 13920 2573
2023.08.08 13870 13870 13905 13830 14496
2023.08.07 13870 13930 13960 13845 3273
2023.08.04 13930 13885 13950 13800 1197
2023.08.03 13875 13990 13990 13865 7874
2023.08.02 13970 13955 14050 13910 23769
2023.08.01 14095 13995 14165 13985 13021
2023.07.31 13890 14055 14055 13865 4624
2023.07.31 13890 14055 14055 13865 4623
2023.07.28 14055 14090 14120 14050 2126
2023.07.27 14120 14100 14205 13990 2074
2023.07.26 14035 14080 14115 14025 3505
2023.07.25 14100 14120 14195 14100 6949
2023.07.24 14115 14115 14225 14105 5793
2023.07.21 14100 13900 14120 13900 3506
2023.07.20 13800 13835 13835 13755 2616
2023.07.19 13835 13750 13895 13725 13683
2023.07.18 13715 13860 13865 13705 6354
2023.07.17 13895 14015 14015 13850 4272
2023.07.17 13895 14015 14015 13850 12769
2023.07.14 14015 13935 14065 13925 9101
2023.07.13 13975 13885 14080 13885 20867
2023.07.12 13960 13790 14025 13790 35952
2023.07.11 13865 13970 13970 13815 18376
2023.07.10 13990 13920 14010 13920 15446
2023.07.07 13950 14010 14045 13950 22517
2023.07.06 14130 14135 14200 14105 12568
2023.07.05 14140 14125 14255 14115 15885
2023.07.04 14225 14155 14230 14125 14286
2023.07.03 14110 14185 14240 14075 30089
2023.06.30 14195 14155 14195 14110 9558
2023.06.29 14190 14095 14200 14070 4745
2023.06.28 14095 13955 14095 13935 10832
2023.06.27 13940 13930 14045 13925 69334
2023.06.26 13920 13980 13980 13885 4716
2023.06.23 14000 14030 14090 13990 2959
2023.06.22 14015 14000 14040 13975 10134
2023.06.21 13940 13920 14015 13910 26414
2023.06.20 13980 14080 14080 13950 24519
2023.06.19 14055 14020 14080 13960 25503
2023.06.16 13880 13865 13915 13780 50539
2023.06.15 13855 13790 13890 13760 16196
2023.06.14 13795 13710 13810 13635 67573
2023.06.13 13725 13800 13800 13620 7360
2023.06.12 13845 13880 13940 13835 8246
2023.06.09 13875 13945 14025 13875 27371
2023.06.08 14005 13970 14095 13970 6223
2023.06.07 13895 13935 13935 13835 11465
2023.06.05 13935 13975 14035 13910 8782
2023.06.02 13755 13855 13855 13755 38305
2023.06.01 13845 13995 13995 13810 83886
2023.05.31 13990 14045 14045 13895 9196
2023.05.30 14045 14055 14060 13960 4542
2023.05.26 13905 14200 14200 13865 22705
2023.05.25 14200 14185 14210 14110 5043
2023.05.24 14165 14185 14265 14135 3481
2023.05.23 14185 14325 14325 14160 7101
2023.05.22 14330 14340 14365 14180 10955
2023.05.19 14370 14535 14570 14370 8775
2023.05.18 14525 14595 14620 14485 8484
2023.05.17 14595 14745 14745 14595 19949
2023.05.16 14745 14785 14815 14700 4009
2023.05.15 14895 14840 14905 14770 4357
2023.05.12 14845 14795 14890 14730 8738
2023.05.11 14890 14720 14890 14720 3012
2023.05.10 14755 14635 14835 14635 2703
2023.05.09 14780 14795 14795 14720 3065
2023.05.08 14695 14605 14775 14605 6121
2023.05.04 14520 14700 14700 14520 3818
2023.05.03 14730 14845 14845 14705 7142
2023.05.02 14975 14900 14995 14885 66014
2023.04.28 14775 14855 14920 14775 12700
2023.04.27 14840 14900 14900 14735 9948
2023.04.26 14965 14885 15005 14885 22649
2023.04.25 14865 14770 14920 14770 8987
2023.04.24 14650 14750 14800 14650 4461
2023.04.24 14650 14750 14800 14650 4440
2023.04.21 14745 14740 14840 14715 3947
2023.04.21 14745 14740 14840 14715 3937
2023.04.20 14745 14590 14850 14590 9440
2023.04.19 14580 14565 14690 14545 24907
2023.04.18 14715 14640 14720 14635 4325
2023.04.17 14635 14440 14670 14440 6629
2023.04.14 14425 14665 14665 14425 7008
2023.04.13 14670 14685 14805 14580 5212
2023.04.12 14730 14625 14775 14625 5107
2023.04.11 14625 14660 14675 14570 7549
2023.04.10 14555 14530 14690 14530 60895
2023.04.07 14530 14645 14645 14520 3468
2023.04.06 14480 14420 14580 14420 7107
2023.04.05 14395 14275 14440 14275 11324
2023.04.04 14295 14325 14400 14180 53489
2023.04.03 14215 14190 14415 14150 54545
2023.03.31 14180 14085 14180 13990 7128
2023.03.30 14085 14045 14120 14010 7561
2023.03.29 14005 13750 14005 13750 24864
2023.03.28 13750 13715 13805 13700 4294
2023.03.27 13715 13700 13800 13680 9104
2023.03.24 13695 13480 13710 13480 3591
2023.03.23 13535 13745 13760 13520 6597
2023.03.22 13930 13900 13950 13850 9047
2023.03.21 13930 13795 13945 13795 4211
2023.03.20 13795 13820 13880 13770 4443
2023.03.17 13820 13905 13935 13820 2780
2023.03.16 13880 13880 13945 13805 5283
2023.03.15 13995 13875 14000 13875 9119
2023.03.14 13910 13895 14010 13810 6245
2023.03.13 14055 14130 14145 13980 8214
2023.03.13 14055 14130 14145 13980 8050
2023.03.10 14050 14075 14110 14000 4007
2023.03.09 14140 14080 14165 14045 5144
2023.03.08 14120 14100 14205 13995 22010
2023.03.07 14115 14045 14140 14000 33480
2023.03.06 14045 13945 14075 13945 8260
2023.03.03 13940 13920 14015 13890 29974
2023.03.02 13860 14015 14015 13860 22272
2023.02.28 14205 14055 14235 14040 19122
2023.02.27 14190 13970 14195 13970 15266
2023.02.24 14045 13905 14060 13905 14025
2023.02.23 13960 14025 14035 13870 11407
2023.02.22 14025 14030 14110 14005 62519
2023.02.21 14105 14030 14105 14025 7008
2023.02.20 14045 14080 14160 14045 9644
2023.02.17 14070 13905 14165 13905 497043
2023.02.16 14115 14010 14135 14010 8190
2023.02.15 14030 13950 14035 13895 6910
2023.02.14 13940 13865 14005 13865 4948
2023.02.13 13815 13700 13920 13695 5455
2023.02.10 13780 13735 13785 13705 2406
2023.02.09 13840 13755 13860 13755 3398
2023.02.08 13840 13815 13850 13665 16062
2023.02.07 13750 13745 13820 13720 25865
2023.02.06 13695 13665 13750 13640 12464
2023.02.03 13670 13560 13725 13545 34190
2023.02.02 13555 13600 13680 13530 20854
2023.02.01 13600 13600 13645 13525 8273
2023.01.31 13600 13465 13680 13465 4983
2023.01.30 13560 13605 13720 13560 150173
2023.01.27 13750 13660 13760 13650 9604
2023.01.26 13660 13775 13780 13660 6019
2023.01.25 13765 13620 13775 13620 13072
2023.01.20 13560 13515 13650 13505 9089
2023.01.19 13575 13610 13745 13575 3206
2023.01.18 13885 13840 13950 13755 4240
2023.01.17 13730 13725 13780 13690 4795
2023.01.16 13775 13795 13815 13655 59685
2023.01.13 13795 13650 13815 13650 7492
2023.01.12 13650 13650 13775 13645 3348
2023.01.11 13630 13640 13700 13510 6734
2023.01.10 13635 13530 13635 13495 16872
2023.01.09 13530 13455 13560 13450 4712
2023.01.06 13430 13485 13585 13430 10945
2023.01.05 13540 13535 13645 13535 23733
2023.01.04 13535 13440 13550 13390 70656
2023.01.03 13385 13355 13470 13320 3765
2023.01.02 13295 13330 13400 13220 32805
2022.12.29 13455 13265 13515 13265 2931
2022.12.28 13575 13655 13655 13535 3433
2022.12.27 13655 13595 13715 13570 1821
2022.12.26 13655 13580 13725 13560 4194
2022.12.23 13580 13540 13640 13460 2089
2022.12.22 13480 13670 13695 13480 6031
2022.12.21 13585 13535 13620 13455 9195
2022.12.20 13470 13720 13720 13400 4680
2022.12.19 13720 13885 13885 13670 3999
2022.12.16 13900 14045 14115 13900 2510
2022.12.15 14195 14125 14225 14125 2090
2022.12.14 14130 14325 14330 14130 16692
2022.12.13 13965 13800 14130 13800 5382
2022.12.12 14020 14030 14040 13950 4851
2022.12.09 14035 14075 14085 13955 4832
2022.12.08 14120 14095 14120 14060 4148
2022.12.07 14095 13885 14190 13885 7600
2022.12.06 14130 13825 14185 13825 6872
2022.12.05 13920 14105 14105 13900 18601
2022.12.02 14125 14210 14220 14090 41437
2022.12.01 14115 14080 14185 14020 30150
2022.11.30 14080 14150 14185 14030 6441
2022.11.29 14200 14460 14460 14200 11300
2022.11.28 14455 14395 14560 14395 8160
2022.11.25 14330 14380 14400 14250 2064
2022.11.24 14200 14450 14475 14200 12560
2022.11.23 14420 14435 14435 14300 3387
2022.11.22 14290 14405 14440 14290 2447
2022.11.21 14330 14105 14335 14105 10605
2022.11.18 13965 14120 14120 13955 2474
2022.11.17 14255 14200 14275 14070 15903
2022.11.16 14065 14095 14095 13850 2264
2022.11.15 13925 13895 13980 13790 16187
2022.11.14 13810 14070 14070 13725 6528
2022.11.11 13850 14180 14180 13765 14750
2022.11.10 13910 13555 13910 13555 6052
2022.11.09 13770 14075 14075 13770 17336
2022.11.08 13980 14095 14095 13890 2409
2022.11.07 14105 14145 14225 14105 2929
2022.11.04 14100 14225 14245 14080 2805
2022.11.03 14265 14240 14280 14175 1836
2022.11.02 14235 14315 14350 14215 4051
2022.11.01 14180 14205 14380 14180 8855
2022.10.31 14140 14115 14250 14085 7628
2022.10.28 13910 14075 14080 13910 2090
2022.10.27 14085 14045 14150 13975 9154
2022.10.26 13815 13805 13825 13700 7893
2022.10.26 13815 13805 13825 13700 6858
2022.10.25 13695 13890 13890 13685 10414
2022.10.24 13820 13665 13845 13655 22900
2022.10.21 13580 13625 13635 13535 7475
2022.10.20 13635 13705 13705 13570 7593
2022.10.19 13705 13775 13860 13655 12350
2022.10.18 13650 13640 13715 13595 9411
2022.10.17 13550 13455 13550 13385 43636
2022.10.14 13445 13370 13570 13345 60470
2022.10.13 13145 13265 13290 13145 7235
2022.10.12 13460 13495 13510 13360 16256
2022.10.11 13545 13415 13580 13410 5443
2022.10.07 13645 13630 13670 13520 2148
2022.10.06 13750 14020 14020 13735 9707
2022.10.05 14070 14080 14155 14035 20146
2022.10.04 14080 13900 14130 13900 42241
2022.09.30 13770 13945 13945 13720 30067
2022.09.29 14070 13890 14160 13890 13299
2022.09.28 13875 13955 14015 13845 4750
2022.09.27 14150 14115 14165 14045 15874
2022.09.26 14190 14250 14360 14135 8168
2022.09.23 14630 14625 14660 14485 2023
2022.09.22 14730 14545 14730 14545 2893
2022.09.21 14855 14805 14860 14730 2148
2022.09.20 14805 14840 14910 14805 2743
2022.09.19 14700 14790 14835 14700 4147
2022.09.16 14770 15000 15030 14770 3416
2022.09.15 15265 15130 15275 15130 2911
2022.09.14 15100 15245 15245 15080 8201
2022.09.13 15245 15210 15340 15210 13257
2022.09.08 15025 14785 15025 14785 16094
2022.09.07 14605 14680 14755 14570 2846
2022.09.06 14950 14725 14970 14725 3445
2022.09.05 14890 14780 14890 14705 5289
2022.09.02 14510 14525 14600 14455 20092
2022.09.01 14455 14565 14595 14445 62592
2022.08.31 14740 14655 14820 14655 3470
2022.08.30 14975 14785 15000 14785 4674
2022.08.29 14795 14975 14975 14720 9336
2022.08.26 14985 15050 15050 14905 4676
2022.08.25 15010 14890 15025 14890 7774
2022.08.24 14950 14840 14970 14840 41995
2022.08.24 14950 14840 14970 14840 41817
2022.08.23 14795 14855 14970 14785 8731
2022.08.22 14980 14905 14990 14865 4952
2022.08.19 14990 14905 15005 14900 4438
2022.08.18 14920 14810 14925 14740 3968
2022.08.17 14905 14790 14920 14780 28229
2022.08.16 14775 14735 14790 14635 44406
2022.08.12 14735 14625 14750 14620 5058
2022.08.12 14735 14625 14750 14620 5057
2022.08.11 14640 14455 14675 14455 12246
2022.08.10 14455 14445 14585 14440 18568
2022.08.10 14455 14445 14585 14440 18560
2022.08.09 14330 14280 14475 14280 20335
2022.08.08 14240 14205 14310 14200 5716
2022.08.05 14235 14275 14400 14230 5009
2022.08.04 14280 14295 14385 14275 8028
2022.08.03 14390 14410 14430 14305 5031
2022.08.02 14430 14380 14500 14300 25283
2022.08.01 14320 14340 14400 14320 40911
2022.07.29 14245 14065 14315 14065 6653
2022.07.28 13995 14000 14095 13975 46109
2022.07.27 14185 14015 14290 14015 30346
2022.07.26 13960 14015 14115 13955 2036
2022.07.25 14050 13870 14050 13870 3979
2022.07.22 13790 13850 13850 13730 1931
2022.07.21 13970 13885 13980 13845 29046
2022.07.20 14055 13855 14090 13855 2283
2022.07.19 13830 13855 13965 13815 3347
2022.07.18 13890 13735 13890 13735 4039
2022.07.15 13730 13605 13825 13605 1802
2022.07.14 13705 13575 13705 13515 3130
2022.07.13 13585 13545 13700 13545 1832
2022.07.12 13740 13690 13810 13670 2881
2022.07.11 13710 13660 13715 13625 3043
2022.07.08 13655 13585 13735 13585 3592
2022.07.07 13600 13565 13665 13565 2057
2022.07.06 13665 13790 13790 13660 2769
2022.07.05 14020 13910 14025 13910 2261
2022.07.04 13935 13815 13935 13770 10074
2022.07.01 13565 13550 13730 13545 4703
2022.06.30 13810 13815 13955 13795 3498
2022.06.29 14060 13880 14060 13840 3590
2022.06.28 13935 13770 13945 13770 22598
2022.06.27 13770 13650 13770 13650 9552
2022.06.24 13750 13565 13785 13555 3040
2022.06.23 13495 13470 13635 13470 11148
2022.06.22 13585 13680 13810 13575 13106
2022.06.21 13600 13250 13600 13250 13574
2022.06.20 13365 13215 13370 13215 65505
2022.06.17 13310 13255 13485 13255 13186
2022.06.16 13600 13595 13680 13525 10858
2022.06.15 13720 13470 13740 13470 7657
2022.06.14 14100 13755 14100 13755 44209
2022.06.13 14060 14110 14195 14020 4210
2022.06.10 14420 14320 14420 14275 10555
2022.06.09 14465 14365 14525 14365 11388
2022.06.08 14535 14495 14585 14445 20700
2022.06.07 14495 14540 14540 14395 10411
2022.06.03 14420 14405 14450 14370 2922
2022.06.02 14440 14280 14465 14280 7765
2022.06.02 14440 14280 14465 14280 7763
2022.05.31 14345 14325 14400 14250 51313
2022.05.30 14325 14555 14560 14275 11725
2022.05.27 14425 14300 14505 14300 5899
2022.05.26 14485 14355 14555 14355 5638
2022.05.25 14295 14205 14420 14205 5779
2022.05.24 14025 14150 14295 14025 3852
2022.05.23 14215 14160 14380 14160 5487
2022.05.20 14195 13940 14245 13940 12854
2022.05.19 14280 14105 14290 14045 5328
2022.05.18 14045 14095 14275 14045 5231
2022.05.17 14020 14030 14195 14020 13766
2022.05.16 14015 13855 14060 13855 4045
2022.05.13 13975 13895 14005 13890 2317
2022.05.12 13865 13815 14095 13815 5100
2022.05.11 13845 13855 13920 13720 4486
2022.05.10 13930 13730 13930 13730 166848
2022.05.09 14105 14235 14235 14020 9950
2022.05.09 14105 14235 14235 14020 9949
2022.05.06 14235 14040 14255 14040 4927
2022.05.04 14155 13960 14155 13960 8511
2022.05.03 13960 13850 14135 13850 9871
2022.05.02 14155 13900 14265 13900 6211
2022.04.29 14265 14355 14390 14210 12393
2022.04.28 14365 14075 14365 14075 8073
2022.04.27 14370 14065 14370 14065 7897
2022.04.26 14145 14055 14155 14050 8744
2022.04.25 14050 14250 14250 14045 16465
2022.04.22 14425 14535 14535 14420 32774
2022.04.21 14615 14355 14640 14355 45892
2022.04.20 14330 14450 14450 14310 4276
2022.04.19 14450 14390 14450 14320 5615
2022.04.19 14450 14390 14450 14320 5578
2022.04.18 14420 14375 14850 14275 45194
2022.04.15 14475 14235 14500 14225 8061
2022.04.14 14235 14055 14255 14055 8907
2022.04.14 14235 14055 14255 14055 8806
2022.04.13 14295 14250 14870 14250 354411
2022.04.12 14250 14295 14600 14200 109113
2022.04.11 14335 14215 14335 14215 50665
2022.04.08 14215 14065 14215 14065 11009
2022.04.07 14065 14000 14090 13960 2847
2022.04.06 14090 13950 14135 13950 6252
2022.04.05 13950 14015 14055 13950 126897
2022.04.04 14030 14035 14105 13995 9456
2022.04.01 14055 13990 14100 13990 11800
2022.03.31 14040 13925 14065 13925 44235
2022.03.30 13885 13840 13900 13775 20585
2022.03.29 13840 13835 13865 13670 31573
2022.03.28 13885 13720 13895 13720 14013
2022.03.25 13700 13680 13700 13580 7915
2022.03.24 13620 13545 13620 13515 4175
2022.03.23 13470 13490 13500 13400 6408
2022.03.22 13520 13515 13525 13390 5785
2022.03.21 13425 13310 13425 13290 54082
2022.03.18 13255 13130 13270 13075 6097
2022.03.17 12990 13245 13245 12975 6178
2022.03.17 12990 13245 13245 12975 6162
2022.03.16 13245 13300 13325 13205 23942
2022.03.15 13305 13345 13350 13215 7617
2022.03.14 13445 13340 13445 13310 5282
2022.03.11 13245 13265 13325 13225 18534
2022.03.10 13235 13170 13260 13150 12552
2022.03.08 13170 12990 13175 12990 11909
2022.03.07 13025 12950 13130 12925 27641
2022.03.04 13095 13045 13130 12835 2115
2022.03.03 13015 12995 13015 12905 3803
2022.03.02 12940 12855 13025 12855 29948
2022.02.28 12770 12635 12810 12630 5540
2022.02.25 12395 12530 12555 12395 4181
2022.02.24 12530 12685 12690 12385 3875
2022.02.23 12685 12745 12790 12670 7846
2022.02.22 12530 12645 12690 12510 10708
2022.02.21 12785 12820 12920 12765 4209
2022.02.18 12920 12895 13050 12895 14563
2022.02.17 12890 12845 12925 12770 6717
2022.02.16 12845 12825 12845 12725 5108
2022.02.15 12685 12810 12820 12685 7194
2022.02.14 13055 12985 13100 12965 5538
2022.02.11 12985 12990 13065 12970 3108
2022.02.10 12990 13000 13115 12990 5573
2022.02.09 12960 12930 12970 12870 3868
2022.02.08 12910 12810 12920 12795 7722
2022.02.07 12915 12910 12925 12815 6552
2022.02.04 13080 12840 13125 12840 21233
2022.02.03 12840 12745 12930 12745 35003
2022.01.28 12710 12600 12710 12570 45505
2022.01.27 12520 12725 12725 12375 32138
2022.01.26 12550 12560 12615 12510 38604
2022.01.25 12430 12560 12560 12375 28780
2022.01.24 12810 12765 12920 12765 18654
2022.01.21 12735 12875 12875 12690 9355
2022.01.20 12800 12805 12925 12740 6100
2022.01.19 12695 12835 12870 12695 5631
2022.01.18 12945 13020 13020 12915 8675
2022.01.17 13015 13030 13030 12900 5665
2022.01.14 13030 12940 13035 12910 5759
2022.01.13 12925 12930 12940 12860 5286
2022.01.12 12895 12735 12895 12735 14035
2022.01.11 12730 12920 12920 12730 4592
2022.01.10 12930 12900 12945 12860 5590
2022.01.07 12905 12970 12990 12830 7750
2022.01.06 12840 12920 13045 12840 17111
2022.01.05 12830 12885 12970 12830 17393
2022.01.04 12880 12885 12920 12760 70279
2022.01.03 12880 12790 12895 12770 35479
2021.12.30 12790 12650 12790 12620 3345
2021.12.29 12715 12625 12730 12625 5511
2021.12.28 12530 12515 12625 12505 13922
2021.12.27 12580 12565 12590 12460 8590
2021.12.24 12565 12545 12595 12515 5256
2021.12.23 12510 12500 12525 12445 2244
2021.12.22 12470 12440 12470 12380 2668
2021.12.21 12460 12310 12460 12305 12862
2021.12.20 12230 12290 12330 12225 4173
2021.12.17 12385 12435 12445 12370 5293
2021.12.16 12380 12330 12380 12265 3776
2021.12.15 12320 12290 12320 12230 6406
2021.12.14 12215 12340 12345 12215 4874
2021.12.13 12345 12275 12345 12265 11445
2021.12.10 12225 12240 12290 12225 4928
2021.12.09 12315 12275 12340 12275 4405
2021.12.08 12355 12305 12395 12260 2967
2021.12.07 12300 12150 12300 12150 3397
2021.12.06 12150 12095 12175 12090 5099
2021.12.03 11975 11985 12030 11885 8177
2021.12.02 12030 12015 12060 11950 6210
2021.12.01 12060 12015 12060 11935 8846
2021.11.30 12110 12290 12290 11970 55963
2021.11.29 12455 12365 12485 12365 8253
2021.11.29 12455 12365 12485 12365 8187
2021.11.26 12355 12510 12510 12355 4694
2021.11.26 12355 12510 12510 12355 4691
2021.11.25 12560 12500 12565 12485 3518
2021.11.24 12465 12485 12490 12395 4468
2021.11.23 12325 12440 12445 12315 20231
2021.11.22 12465 12480 12490 12405 8112
2021.11.19 12580 12525 12595 12450 2312
2021.11.18 12540 12535 12555 12475 6677
2021.11.18 12540 12535 12555 12475 6627
2021.11.17 12590 12610 12615 12550 6326
2021.11.16 12665 12630 12705 12575 5388
2021.11.15 12570 12625 12635 12560 7569
2021.11.15 12570 12625 12635 12560 7567
2021.11.12 12655 12665 12680 12570 14761
2021.11.11 12750 12685 12795 12685 9650
2021.11.10 12675 12715 12735 12665 9858
2021.11.09 12740 12770 12770 12705 15883
2021.11.08 12820 12810 12840 12745 14005
2021.11.05 12735 12710 12735 12650 8062
2021.11.04 12710 12705 12710 12600 27391
2021.11.03 12705 12700 12710 12630 6812
2021.11.03 12705 12700 12710 12630 6808
2021.11.02 12675 12615 12700 12600 19562
2021.11.01 12600 12625 12625 12510 6308
2021.10.29 12500 12580 12585 12500 16740
2021.10.28 12565 12595 12610 12535 4211
2021.10.27 12595 12560 12600 12490 1999
2021.10.26 12560 12620 12620 12500 13553
2021.10.26 12560 12620 12620 12500 13552
2021.10.25 12620 12660 12670 12600 10796
2021.10.22 12660 12690 12690 12585 12389
2021.10.21 12750 12660 12750 12655 38364
2021.10.20 12615 12570 12675 12570 15188
2021.10.19 12570 12640 12640 12530 12714
2021.10.18 12670 12605 12725 12580 15674
2021.10.15 12580 12620 12660 12565 37592
2021.10.14 12530 12555 12580 12500 7211
2021.10.14 12530 12555 12580 12500 7210
2021.10.13 12510 12475 12545 12475 2100
2021.10.12 12475 12525 12525 12415 17126
2021.10.08 12540 12520 12540 12445 12952
2021.10.07 12520 12460 12520 12375 42282
2021.10.06 12385 12425 12440 12385 11700
2021.10.05 12425 12330 12425 12330 17444
2021.10.01 12120 12180 12310 12120 12934
2021.09.30 12285 12350 12350 12240 39188
2021.09.29 12205 12325 12325 12185 30310
2021.09.28 12400 12350 12400 12285 9975
2021.09.27 12350 12240 12350 12240 3988
2021.09.24 12195 12350 12350 12195 8641
2021.09.23 12285 12175 12365 12175 16346
2021.09.17 12230 12245 12270 12150 3035
2021.09.16 12280 12260 12280 12180 3626
2021.09.15 12305 12355 12355 12250 3255
2021.09.14 12275 12400 12400 12265 7952
2021.09.13 12365 12340 12365 12215 20890
2021.09.10 12375 12380 12380 12290 13222
2021.09.09 12335 12295 12395 12295 17214
2021.09.08 12215 12290 12300 12205 5557
2021.09.07 12340 12245 12345 12245 3327
2021.09.06 12245 12300 12320 12230 9390
2021.09.03 12335 12305 12360 12260 15609
2021.09.02 12290 12215 12295 12175 24582
2021.09.01 12130 12230 12230 12100 8845
2021.08.31 12210 12215 12240 12140 4614
2021.08.30 12130 12140 12230 12125 10167
2021.08.27 12180 12230 12230 12110 2846
2021.08.26 12230 12205 12235 12120 12540
2021.08.25 12205 12185 12205 12090 11096
2021.08.24 12160 12220 12220 12095 6274
2021.08.23 12085 12075 12190 12075 8492
2021.08.20 12100 12170 12170 12025 3559
2021.08.19 12170 12060 12200 12050 8866
2021.08.18 12135 12220 12220 12130 4921
2021.08.17 12265 12100 12265 12100 16562
2021.08.13 12095 12095 12095 12040 4908
2021.08.12 12085 12085 12085 11970 23856
2021.08.11 11985 11990 11990 11895 4859
2021.08.10 11875 11875 11880 11795 3201
2021.08.09 11860 11910 11910 11820 5377
2021.08.06 11910 11935 11935 11810 7938
2021.08.05 11865 11765 11885 11765 7046
2021.08.04 11865 11920 11920 11825 9784
2021.08.03 11865 11995 11995 11865 16427
2021.08.02 11960 11915 11985 11845 29625
2021.07.30 11915 11915 11920 11800 12199
2021.07.29 11865 11970 11970 11785 2870
2021.07.28 11970 11950 11980 11880 4545
2021.07.27 11890 11965 11965 11840 3801
2021.07.26 11840 11885 11885 11785 4364
2021.07.23 11825 11815 11825 11730 2677
2021.07.22 11680 11745 11750 11660 7150
2021.07.22 11680 11745 11750 11660 7147
2021.07.21 11715 11715 11715 11600 4211
2021.07.20 11715 11725 11725 11665 3038
2021.07.19 11885 11790 11885 11750 4712
2021.07.16 11790 11855 11855 11725 4985
2021.07.15 11845 11940 11940 11825 3790
2021.07.14 11940 11995 11995 11895 13434
2021.07.13 11995 11980 12025 11955 8113
2021.07.12 11980 12035 12035 11905 5016
2021.07.09 11860 11940 11940 11860 6590
2021.07.08 11965 12005 12005 11880 5563
2021.07.07 11995 11800 12020 11800 14122
2021.07.06 11720 11680 11745 11680 2330
2021.07.05 11700 11745 11745 11650 3401
2021.07.02 11685 11645 11710 11605 12344
2021.07.01 11645 11595 11655 11540 11845
2021.07.01 11645 11595 11655 11540 11838
2021.06.30 11595 11725 11725 11565 11797
2021.06.29 11725 11775 11775 11700 19353
2021.06.28 11885 11780 11890 11780 10069
2021.06.25 11780 11855 11855 11775 5080
2021.06.24 11835 11875 11875 11765 19662
2021.06.23 11920 11880 11920 11785 5531
2021.06.22 11920 11825 11925 11825 11045
2021.06.21 11780 11860 11860 11725 16891
2021.06.18 12010 12085 12085 11975 12580
2021.06.17 12075 11950 12095 11950 19346
2021.06.17 12075 11950 12095 11950 18055
2021.06.16 11915 12035 12035 11910 6296
2021.06.15 11975 12010 12010 11920 19492
2021.06.14 11920 11965 11965 11870 4696
2021.06.11 11820 11915 11915 11810 9898
2021.06.10 11915 11870 11915 11840 13274
2021.06.09 11805 11870 11870 11785 3050
2021.06.08 11855 11840 11855 11750 4615
2021.06.07 11720 11635 11725 11635 8710
2021.06.04 11720 11765 11765 11665 3489
2021.06.03 11765 11760 11765 11705 8020
2021.06.02 11715 11675 11715 11605 39011
2021.06.01 11590 11620 11620 11525 5646
2021.05.31 11620 11720 11720 11600 5645
2021.05.28 11635 11710 11710 11620 3333
2021.05.27 11685 11715 11715 11620 7775
2021.05.26 11655 11805 11805 11655 4679
2021.05.25 11865 11885 11885 11775 14747
2021.05.24 11890 11895 11895 11770 4826
2021.05.21 11870 11900 11900 11790 4124
2021.05.20 11785 11745 11790 11635 10825
2021.05.18 11925 11910 11975 11850 25640
2021.05.17 11840 11840 11900 11785 54383
2021.05.14 11680 11675 11750 11675 7242
2021.05.13 11675 11775 11775 11675 14642
2021.05.12 11820 11830 11830 11705 9204
2021.05.12 11820 11830 11830 11705 13403
2021.05.11 11830 11835 11835 11785 6463
2021.05.10 11815 11795 11840 11730 7593
2021.05.07 11795 11795 11825 11715 18153
2021.05.06 11790 11795 11795 11720 7408
2021.05.04 11755 11770 11770 11660 11942
2021.05.03 11675 11710 11710 11575 7853
2021.04.30 11535 11540 11545 11450 3139
2021.04.29 11545 11500 11550 11450 4665
2021.04.28 11500 11545 11545 11435 17201
2021.04.28 11500 11545 11545 11435 17154
2021.04.27 11555 11565 11575 11490 11329
2021.04.26 11520 11555 11555 11510 4746
2021.04.23 11590 11625 11625 11530 4897
2021.04.22 11555 11570 11570 11460 8099
2021.04.21 11520 11600 11600 11505 3510
2021.04.20 11600 11640 11645 11570 7667
2021.04.19 11590 11595 11615 11485 4543
2021.04.16 11540 11580 11590 11500 30482
2021.04.15 11555 11425 11565 11425 4397
2021.04.14 11465 11490 11515 11425 3606
2021.04.13 11490 11485 11505 11445 8305
2021.04.12 11485 11475 11550 11405 36176
2021.04.12 11485 11475 11550 11405 36151
2021.04.09 11525 11490 11530 11410 16358
2021.04.08 11495 11515 11515 11415 3117
2021.04.07 11415 11450 11450 11380 4611
2021.04.06 11365 11465 11465 11350 23037
2021.04.05 11440 11485 11485 11435 14761
2021.04.02 11435 11405 11435 11400 17848
2021.04.01 11370 11315 11435 11315 8529
2021.03.31 11315 11350 11350 11255 13184
2021.03.30 11410 11420 11420 11285 5413
2021.03.29 11325 11290 11355 11275 9017
2021.03.26 11245 11330 11330 11230 5657
2021.03.25 11145 11315 11315 11145 5459
2021.03.24 11270 11295 11295 11140 12098
2021.03.23 11275 11275 11275 11185 8315
2021.03.22 11275 11145 11330 11145 68021
2021.03.19 11345 11240 11355 11240 2025
2021.03.18 11355 11340 11360 11250 9197
2021.03.17 11495 11445 11520 11415 22624
2021.03.16 11505 11530 11545 11475 9679
2021.03.15 11510 11385 11510 11385 6877
2021.03.12 11370 11350 11380 11300 3275
2021.03.11 11345 11305 11365 11260 8476
2021.03.10 11280 11200 11280 11110 6271
2021.03.09 11115 11150 11185 11100 5556
2021.03.08 10910 10985 11000 10880 5025
2021.03.08 10910 10985 11000 10880 5007
2021.03.05 10990 10920 11035 10860 5629
2021.03.04 10900 10950 10985 10900 2698
2021.03.03 10975 11045 11045 10920 3305
2021.03.02 11045 10995 11065 10940 6821
2021.02.26 11115 10945 11125 10945 4023
2021.02.25 11035 11020 11035 10905 3920
2021.02.25 11035 11020 11035 10905 3919
2021.02.24 11065 10895 11065 10895 2497
2021.02.23 10870 10805 10900 10800 1958
2021.02.22 10805 10785 10815 10735 3032
2021.02.19 10790 10805 10805 10730 3441
2021.02.18 10900 10885 10900 10820 2275
2021.02.17 10965 10825 10980 10825 3304
2021.02.16 10850 10875 10880 10770 3586
2021.02.15 10865 10930 10930 10800 3801
2021.02.10 10980 11045 11045 10960 2067
2021.02.09 11145 11050 11145 11050 2098
2021.02.08 11100 11045 11145 11045 4429
2021.02.05 11005 11045 11095 10945 2931
2021.02.04 11055 10965 11055 10900 1840
2021.02.03 10960 10880 10965 10830 4573
2021.02.02 10820 10760 10880 10755 2057
2021.02.01 10760 10720 10765 10660 8275
2021.01.29 10830 10700 10830 10700 2649
2021.01.28 10735 10540 10740 10480 1873
2021.01.27 10845 10825 10845 10735 4084
2021.01.26 10825 10760 10845 10610 6191
2021.01.25 10850 10920 10920 10770 4746
2021.01.22 10915 10895 10960 10825 11158
2021.01.21 10985 10915 11005 10915 4745
2021.01.20 10860 10870 10870 10805 1785
2021.01.19 10925 11005 11005 10895 2348
2021.01.18 11005 10965 11010 10900 2763
2021.01.15 11030 10975 11035 10970 2978
2021.01.14 10975 10875 11005 10875 5946
2021.01.13 10875 10810 10875 10785 3022
2021.01.12 10925 10810 10925 10800 4184
2021.01.11 11030 10900 11040 10900 7851
2021.01.08 10895 10870 10915 10815 4766
2021.01.07 10860 10745 10865 10745 4620
2021.01.06 10675 10690 10690 10555 13899
2021.01.05 10645 10645 10645 10530 5695
2021.01.04 10645 10775 10775 10535 6395
