1   91  93
2   94  90
3   29  36
4   83  86
5   64  65
6   52  53
7   74  77
8   13  14
9   66  51
10  71  72
11  46  44
12  72  73
13  93  96
14  26  33
15  46  43
16  94 100
17  98 100
18  12  17
19  47  52
20  56  60
21  90  85
22  14  13
23  99 100
24  95  90
25   8   6
26  51  54
27  39  43
28  91  93
29  45  40
30  84  78
31  74  81
32  81  82
33  39  39
34  69  68
35   0   0
36  83  86
37   1   0
38  21  20
39  91  95
40  61  65
41  38  45
42  44  41
43   4   7
44  97 100
45  43  38
46  96  91
47  89  83
48  64  57
49  97  97
50  62  65
51  33  39
52  35  40
53  40  35
54  78  88
55   4   1
56  75  75
57  68  66
58  17  17
59  26  27
60  51  52
61  68  67
62  98  99
63  76  74
64  57  54
65  85  77
66  19  17
67  27  25
68  83  96
69  69  63
70  24  25
71   4   0
72  14   7
73  22  22
74  48  43
75  20  20
76  72  70
77   1   0
78  38  27
79  51  45
80   0   1
81  58  61
82  16  13
83  36  36
84  65  70
85  78  85
86  56  51
87  23  23
88   9  15
89   9   6
90  31  30
91  67  66
92   0   0
93  21  19
94  93  93
95  93  90
96  73  79
97  33  31
98  52  49
99  74  78
100 62  57